,0,1,2,3,4,5,6,7,8,9,tau
0,0.0,0.0,0.0,0.0,0.0,0.0,0.0,0.0,0.0,0.0,1.1552453009332422
1,0.4163282957027892,0.14956155568119134,0.09424376085895769,0.06918844993522943,0.054773207440642326,0.04537683268804771,0.03875599056443299,0.03383441301541062,0.030029943650810274,0.23108240129652768,1.1552453009332422
2,-0.18533162664462677,-0.23305180527653152,-0.30268491199365505,0.1333977033270417,0.08774062577741791,0.06566059060994382,0.052553974789710065,0.04385011624314831,0.1914705578923394,-0.14122375496715123,1.1552453009332422
3,0.5678628368816226,0.018792271196124914,0.13254361004983725,-0.11585394738190778,0.20522564754350886,0.12955592664389207,0.09819225853890447,-0.11762992299349251,0.10278535870314658,0.21584452764749582,1.1552453009332422
4,0.617931252815124,0.13328057654718337,0.0009505235887040422,0.19018429384883553,0.14104110242635698,0.11310053445691008,0.09471933489485869,0.08160931163196286,0.15371914795444122,0.32254412420461037,1.1552453009332422
5,0.45008694080501266,-0.13776852405187134,0.1083485946156034,-0.2651117019849213,0.2702441848042883,0.15845940080259044,0.11519183966677035,-0.22823437439366212,0.1324291296116318,0.08918760892114559,1.1552453009332422
6,0.6785018575408809,-0.057784757454801154,0.06663423674460447,-0.10462675596925237,0.2999193851386048,0.19296659222293325,0.1472382447855461,-0.13861772266165504,0.20237718494908485,0.23287085824064324,1.1552453009332422
7,0.14179725344553526,-0.21420032370579178,0.037820754471511335,-0.27739156289600453,0.20550068277641148,0.11232034324566319,0.07809370604026576,-0.22294098201218918,0.09873610152311724,-0.06351953837026932,1.1552453009332422
8,0.4803319579398151,-0.2612987826501248,0.013861588517776325,-0.27337062565897297,0.36688539988598173,0.22073049211684606,0.16236127616490226,-0.26333948692074094,0.23833638644456778,0.053972528418388434,1.1552453009332422
9,0.0018812746849529815,0.002483049898446218,0.00038685832659600525,0.0023639982356023145,-0.0010260553321468286,-0.00045520061144487076,-0.000267195935498688,0.001751026963828087,-0.00046758508500077754,0.002013613394467048,1.1552453009332422
10,0.020157117146064742,-0.3955832563871335,-0.1748735394002007,-0.2025335099575196,0.2828298774270381,0.16718693450563998,0.12115338095431936,-0.20787466390830348,0.24216302102888274,-0.16863370184709128,1.1552453009332422
11,0.4189104353331009,0.14915979691639766,0.09485696742422889,0.06810862330556289,0.05604973238058303,0.04614393486177497,0.039321728585000576,0.032868693371595835,0.030659959846253786,0.2318025271390488,1.1552453009332422
12,-0.0019068825385737814,0.009019032457529302,-0.264345567763531,0.36302896870570217,-0.012268720489383458,0.021229598464429192,0.0264407831400737,0.21406820780899907,0.1455398486777941,0.05497000253044465,1.1552453009332422
13,0.23127861506592698,0.14034479886234347,0.10916993595530854,0.0899752114961563,0.07756864324511041,0.06788596398356166,0.3333757225287078,0.13977715328793686,-0.19196366465213344,0.21371645123664978,1.1552453009332422
14,0.4986084807760559,0.22358693100178761,0.1580044663459784,0.12265198358621472,-0.13571058234592287,0.24039608782180807,0.13138126232406125,0.0940085268936395,-0.10259085248387927,0.07909522653692849,1.1552453009332422
15,0.3045623091868566,0.16316413831768717,0.12255704771879072,-0.1871652083225643,0.001162062249100061,-0.004107375301974545,0.2639934033777915,-0.15106695311763554,0.041423951944823525,0.3031663759046244,1.1552453009332422
16,0.3263877354385499,0.16996021779612702,-0.15622263295221198,0.033917791963135206,0.02813267465988867,0.28584590790612474,-0.14013135835933227,0.052530776230546965,0.04642317976491117,0.31472546078285013,1.1552453009332422
17,0.5540555416946727,0.24085223565278047,-0.06111138627069971,-0.13882500699011685,0.15730247125269714,0.11279428692429166,-0.11402424773165107,-0.04267321266743259,0.05326143834381207,0.20917445562985332,1.1552453009332422
18,0.3221596752436303,-0.11706819120198628,0.07795124943658219,0.06318822825714954,0.05558546832089687,0.049222063347262444,0.04449501891976374,0.040102600735492794,0.29674784054271874,0.3743374651792229,1.1552453009332422
19,0.6203365775339161,0.04635906093122396,0.14423391784479014,-0.0972398891792989,0.20598689939624512,0.13209085401356185,0.10094372977349168,0.08092769500201195,-0.05323178308474867,0.15835039617680377,1.1552453009332422
20,0.3342810852420241,0.4267080402778789,0.2059771846766337,0.13978642654743878,0.10956286525593119,0.08880778078563147,0.07484271334108779,0.06316665179772629,-0.1233956745776782,0.30281166851186186,1.1552453009332422
21,0.5569451013802372,0.2880933833208117,0.19451751337624412,0.14650560660035936,0.12302668553308194,0.10385965157246206,0.09021984273869127,0.24390983881005326,-0.007427577097697188,0.20180228289479554,1.1552453009332422
22,0.4972153702018725,0.27234147527991626,0.18519484324962981,0.14023196861406548,-0.0746514615150448,0.029443088075306757,0.204292008711713,-0.06790368319867553,-0.08857307611666672,0.35418968396308137,1.1552453009332422
23,0.5527472961182669,0.28698633929805634,0.19386231616514107,-0.03709944327221,0.06140834057653843,0.04338739629040184,-0.12615250574366324,0.049163644756972866,-0.0718968413080247,0.3592104972915006,1.1552453009332422
24,0.6162489836452788,0.30373298662503706,0.031584648675435575,0.10196144223091122,0.08064994257072729,0.06293460057816337,0.050390191705828806,-0.11457647183664722,0.1341955371896942,0.2906399428644223,1.1552453009332422
25,0.43968204486622203,0.05039482719958433,0.12596871643148988,0.09037393107098216,0.07432671338650412,0.0611446625963007,0.2443032636513226,0.1290365651924037,0.09677769565867904,0.47130398350037717,1.1552453009332422
26,0.6200260271719722,0.1321816693081185,0.002144278924043623,0.1875228718446998,0.14263476063614733,0.11394086414588493,0.09529276163447316,0.07961234704230491,0.15410450482766896,0.322582716983531,1.1552453009332422
27,0.15085980571784818,-0.4312016930518469,-0.14712552164260959,-0.23959837988730645,0.3986923337790604,0.10346060320878504,0.13048667279896203,-0.1672588590682161,0.28156861673462835,-0.3124159437357036,1.1552453009332422
28,0.02014482023003737,-0.4333309857804044,-0.18068754980022608,-0.34696403859706976,0.18217420974531381,0.21984034426294968,0.16019842568075846,-0.34151415990103806,0.24075705590900895,-0.24812296650331261,1.1552453009332422
29,0.08012855495166055,-0.5259252998045426,-0.12433480936002832,-0.04092550357194509,0.35735717881904916,0.21207394964594092,0.15310607722789754,-0.19574053229365865,0.08113224147503798,-0.13249574388399868,1.1552453009332422
30,-0.21672918661021748,-0.4423892557320327,-0.20459130066829329,-0.2314796718911946,0.22516501831357338,0.12503508223637141,0.08701008136201967,-0.21255017154703754,0.19832683005394625,-0.2843429329388892,1.1552453009332422
31,-0.043009609793572906,-0.42604550541708397,-0.18381937150866653,-0.19460952502259266,0.35864550323134403,0.33848584926161196,0.0731088466618145,-0.32608664837696905,0.24773376002575978,-0.18640201560658445,1.1552453009332422
32,-0.08360231387341535,-0.4265334070069409,-0.21173024440125776,-0.28191584401919495,0.29644719272563264,0.2835781783740615,0.1833893614242404,-0.2900151189928179,0.2602118287293033,-0.2558891178213197,1.1552453009332422
33,-0.06408059639270648,-0.5487946113201181,-0.06149252639082176,-0.16179682950818375,0.35569919118452586,0.2167617137129061,0.15941739576721028,-0.21022568548151332,0.2891891929492593,-0.08236219907413468,1.1552453009332422
34,-0.01911926200600629,-0.4708826155554124,-0.32882001786455584,-0.08294584988901547,0.31790844305502225,0.19912830709721524,0.14856709229813694,-0.15103017557517048,0.3424163931051899,-0.19504620564118924,1.1552453009332422
35,0.2146418780460436,-0.44662320343555584,-0.142640560559884,-0.23965555311680914,0.3590518934173506,0.22135653681199527,0.1911418309516384,-0.17582533382995794,0.26435152371807724,-0.3682995657797357,1.1552453009332422
36,0.10659996429602421,-0.4591100483003947,-0.2481588879976067,-0.2692138161972423,0.40918722003344304,0.1942974014166211,0.0770120985697651,-0.17652161855483892,0.3037972956174026,-0.3074011362220074,1.1552453009332422
37,0.04814960022029338,-0.5292088814178768,-0.15587404525464266,-0.24130954598847454,0.375138790806143,0.08155003146155007,0.1175776503817897,-0.15381447450638994,0.35915994931614276,-0.2959537933294813,1.1552453009332422
38,0.18593192247617762,-0.40514769766152176,-0.13831194473855765,-0.2533102275228823,0.49850887775414277,0.1781587810448401,0.18352740171791074,-0.2098645637686159,0.2913187238673824,-0.2819352611544546,1.1552453009332422
39,0.1978190878759718,-0.4747031335241798,-0.1483671734237527,-0.2609860279240054,0.42601118085333317,0.12360988204020303,0.2142017283275345,-0.2400707378540167,0.29476286277345126,-0.3237890444696968,1.1552453009332422
40,0.16707609026406012,-0.43443672289434637,-0.19130194615137944,-0.2614812061707835,0.4399404961969173,0.08785018700407368,0.13333850650755996,-0.22612140651013993,0.33417112786792325,-0.39137687996373466,1.1552453009332422
41,0.14461927667021274,-0.4863639651443567,-0.19794725110486358,-0.22341959002846531,0.4472981624452336,0.09178610391278927,0.1408276723773914,-0.14271035710726226,0.32745054950444147,-0.3904409611171329,1.1552453009332422
42,0.11004388768659788,-0.4355620661734294,-0.20677814823238336,-0.33532535060251634,0.3914265733487804,0.24280367749361195,0.12136215941048727,-0.23604679618988045,0.2726220184257329,-0.29316285014318255,1.1552453009332422
43,0.08292513390845753,-0.5139979953288758,-0.20619719779400275,-0.24032181200541283,0.37498090380516286,0.25718369326383184,0.12413123548516596,-0.13584153585307504,0.29064934960571753,-0.24226845198032546,1.1552453009332422
44,0.12781861560324084,-0.48698537148046706,-0.2550410238745987,-0.24613842947424575,0.43649666911084367,0.22465874886359413,0.09746822317801819,-0.22396804552239363,0.3339044586900464,-0.3341188753558988,1.1552453009332422
45,0.15561156297664194,-0.4856522633842782,-0.28989163685824976,-0.2540892054364258,0.4448618715109349,0.21892394331233953,0.10376736515389166,-0.1912819316215423,0.31510272858957034,-0.31331156078719724,1.1552453009332422
46,0.08027403084890929,-0.4885445502072419,-0.31820270401325057,-0.2467190447789519,0.4202898050423806,0.23002386508946415,0.06989128991086134,-0.1664971144457618,0.3366888461907652,-0.3113679068922958,1.1552453009332422
47,0.12311166128468594,-0.46383933431349555,-0.2608516247278938,-0.3639659765110209,0.4235405410618019,0.21925346204647503,0.10422142787612795,-0.24868729597971392,0.2652409960650099,-0.31635798604837034,1.1552453009332422
48,0.09626692716575048,-0.4316395112594699,-0.19027437304358705,-0.3599549254192943,0.4112746432234494,0.2764156497002853,0.10438613079678134,-0.2759553009195549,0.31153426216229074,-0.3308042695187537,1.1552453009332422
49,0.06805915248816079,-0.45787369422168067,-0.22527180257638754,-0.36243253678565895,0.3885103617805597,0.28139228642917946,0.1559931141156294,-0.27005968527562885,0.2767424815386376,-0.31271348899405543,1.1552453009332422
50,0.09129871973430755,-0.47903469507038254,-0.2674704915023221,-0.38408400305709645,0.42114004350954176,0.20336981229568427,0.09539501979411008,-0.2620745373661992,0.2519373730211867,-0.33287322259162455,1.1552453009332422
51,0.11771192624448215,-0.48273537884784484,-0.29012149640128676,-0.36108920052176346,0.4359575938652142,0.21847249341274128,0.10402843124066335,-0.24825754175748674,0.2755078427574125,-0.3279690998769025,1.1552453009332422
52,0.05974818488182207,-0.4805253802649374,-0.24786743357024651,-0.3988210792181649,0.4053578021059985,0.18998328627495012,0.09063702259582165,-0.27543455025852637,0.23457810002478316,-0.3340358858443072,1.1552453009332422
53,0.07426926119977564,-0.494833343424372,-0.28430850899983606,-0.38366874975611315,0.42515215647202326,0.20155092794164217,0.09531081727722707,-0.2641737517452567,0.2572587684744025,-0.34382890611425554,1.1552453009332422
54,0.061794662923336664,-0.453591706002445,-0.19149110146809617,-0.40308502406247126,0.3780182410898034,0.1793709908494164,0.09163470009757436,-0.28669616035115203,0.21187300598267172,-0.29826022140667113,1.1552453009332422
55,0.020797457801010968,-0.5011456320049621,-0.25703929166698114,-0.3990965046489289,0.4004394801062275,0.1849325085674397,0.09169701573305522,-0.2827953884637158,0.23714899419476315,-0.3452441259020491,1.1552453009332422
56,0.1545651272548122,-0.4353304986865031,-0.21401579072342755,-0.3772407949778817,0.40800813077347714,0.19713033648618875,0.0989308692424,-0.26501506137370096,0.2355708578969043,-0.27108443231201085,1.1552453009332422
57,-0.013545050841989242,-0.45958428832115295,-0.1173461613255115,-0.3688107011665569,0.31879352931050847,0.1691697993678057,0.11683732794150956,-0.3122851955510627,0.2104826203905517,-0.23515715445438953,1.1552453009332422
58,0.07117383767844797,-0.3164714741844971,-0.007360778836619205,-0.33266909320133814,0.24874520622561963,0.1342861941337361,0.09411704704782593,-0.2726481292851592,0.13685892152995552,-0.13472923708336326,1.1552453009332422
59,-0.09459583141627739,-0.5284982483538557,-0.13876904237825455,-0.2919532712027469,0.303583111490244,0.18807953362959873,0.1619711640272342,-0.32111395661105574,0.27641551146243576,-0.20095068356504062,1.1552453009332422
60,0.08871484647807364,-0.47290733798412565,-0.2714713298223135,-0.38022421638280557,0.24502352761664214,0.17542568142048265,0.1384106819812628,-0.3656728467033851,0.23157049614335698,-0.24441174983391864,1.1552453009332422
61,0.009656792924862498,-0.44289440152466786,-0.17290903832289783,-0.37493840471897905,0.1980810566552033,0.25817660028474404,0.12459073048983943,-0.4018004957856143,0.31699384373653133,-0.31379771749505275,1.1552453009332422
62,-0.028127759946566588,-0.48946013403792243,-0.24120039390180645,-0.36708112902836737,0.16137804518802756,0.24579572266071376,0.18007266468841976,-0.3742453562361243,0.27300321682293227,-0.3054216156419656,1.1552453009332422
63,0.18642594499212617,-0.557495637648256,-0.25536446664140183,-0.10204649213552146,0.4334243377124783,0.1406453196581675,0.11688087216673561,-0.22961276473860937,0.07728383933848054,-0.12161990885950134,1.1552453009332422
64,0.07178973361235735,-0.6058268148850798,-0.10340507014350975,0.017280611535485765,0.45005313187338825,0.27311097579385374,0.10891305470538343,-0.2451253240452489,0.13065777148724006,-0.2030577565334468,1.1552453009332422
65,0.04183770060287596,-0.634316639120912,-0.19231531183211323,0.09192097838705905,0.3994860147525574,0.24206419959575784,0.17628157367938715,-0.15980969717841917,0.0567003728529725,-0.15216971096890292,1.1552453009332422
66,0.39606151655141314,-0.33731984848675384,-0.008208264667549977,-0.33398411593905036,0.38795913921369,0.22863615396151588,0.16615116912445813,-0.3075386650431067,0.24977744252880643,-0.016574058443746927,1.1552453009332422
67,0.503670048922582,-0.3142372938600267,-0.05397894358279578,-0.23963113914126818,0.41170796395459436,0.2527305111687959,0.18772789779399923,-0.25761549776972625,0.3025313272634054,0.048380186923620956,1.1552453009332422
68,0.2646727947945323,-0.35918010050392174,-0.005019522413089168,-0.37178569470982525,0.35347374408553095,0.2018865291607535,0.14403741797889558,-0.321915060452051,0.21293610226451104,-0.08236074383604622,1.1552453009332422
69,0.38372035319615244,-0.393885570974516,-0.057720003324932385,-0.3312872861479218,0.4221337852865224,0.25086948883998494,0.183022083449327,-0.3173334969061425,0.29330751869474425,-0.04216767499019676,1.1552453009332422
70,0.13416945782187817,-0.24200754068644947,0.028757033422860293,-0.2965867598408297,0.22200730242069797,0.121393235669636,0.08438503374973978,-0.23958437489729031,0.11100251859595002,-0.07968125992281855,1.1552453009332422
71,0.19082691482673395,-0.4417768094613515,-0.07955794264647201,-0.36882867798021307,0.3821106861031593,0.21991428466936544,0.15737640366437064,-0.33146368083218036,0.25966222403679523,-0.14204741063606552,1.1552453009332422
72,0.33950438926742355,-0.4222134679382101,-0.06788977717499352,-0.35218671542838415,0.42507739933757704,0.25063710627468044,0.1819988690786622,-0.33159626869071157,0.2945145374481566,-0.07330194397671962,1.1552453009332422
73,0.3874701177058008,-0.4172717114978486,-0.08758421505743312,-0.3169901182557276,0.439443049924765,0.2632744041089055,0.1928601675275116,-0.3145336150733817,0.3194797948222921,-0.047331432949337636,1.1552453009332422
74,0.2834827169250161,-0.42606113895573633,-0.05987243407595737,-0.37114520541431084,0.40664961167134156,0.23659010455624935,0.17048543503909636,-0.33817010259596725,0.2731526657020453,-0.09972218653902475,1.1552453009332422
75,0.32851436060013817,-0.44620087891077737,-0.09044188098989214,-0.34937413054328365,0.43735081519545566,0.25870221845956054,0.18813406153820414,-0.3342265586870012,0.31198607328584615,-0.0862009955667083,1.1552453009332422
76,0.3682874242913703,-0.4334767841929413,-0.09507112266024177,-0.32628017768299317,0.4434171756987012,0.26490329183918293,0.1937218906338632,-0.3217199738174779,0.3230945510501608,-0.06233005788658388,1.1552453009332422
77,0.39112372629728565,-0.4278357471656139,-0.10424879070057344,-0.3061511248999378,0.4479446301268855,0.2696929717823194,0.1980584367768433,-0.31089901020992333,0.33373039911091873,-0.04825370908337419,1.1552453009332422
78,0.38114425625875287,-0.4370787723285736,-0.10893486587674467,-0.31082604675401393,0.4505688710987982,0.2709138625682421,0.19879453428205077,-0.3147255675130816,0.3363388470677766,-0.056336528896158394,1.1552453009332422
79,0.3934696798019045,-0.43320762050942746,-0.1138381166938664,-0.29911454782150654,0.45243135512644983,0.2731905890049741,0.20092532127346419,-0.30820734199068894,0.3417649952318071,-0.04830886966555294,1.1552453009332422
80,0.3699075262560861,-0.44040662605133285,-0.10759202701197325,-0.31710197475475244,0.44866765983583196,0.2690605338484845,0.19714603293401345,-0.3180546284701511,0.33308834027286693,-0.06294521811788006,1.1552453009332422
81,0.3791200119868495,-0.4425640484043466,-0.11458059722154153,-0.30949515822150425,0.45355170779971216,0.2729327226813629,0.20035229444558195,-0.31497228832783514,0.34076860092512135,-0.058992811061628625,1.1552453009332422
82,0.38781819539152773,-0.4386302204498279,-0.11671184566866254,-0.30167629897462434,0.4540456983629885,0.2739719619602274,0.20141286684130183,-0.3103660756042039,0.34343150650444776,-0.05294402432934283,1.1552453009332422
83,0.39489864864530844,-0.4361579837099815,-0.11951128330806786,-0.2946967952123618,0.4549410025461709,0.2751869470670084,0.20257362661234454,-0.30641959943106606,0.3464528952922508,-0.04820357082891858,1.1552453009332422
84,0.39156509820764623,-0.43940713772983697,-0.12127468359095216,-0.29617256288162147,0.4559275325792663,0.2756729093990771,0.20288122638455425,-0.3076835645599003,0.3474919865462148,-0.05095140638057561,1.1552453009332422
85,0.3957673045496504,-0.43785651776165774,-0.12292960194104963,-0.29194677567958666,0.45640030784552393,0.2763627511496845,0.20354881121799087,-0.3052741328496587,0.34925263064144296,-0.048094864706075914,1.1552453009332422
86,0.46979578383520293,-0.3568254135986113,-0.06823541799175444,-0.2701092044524282,0.42854564970172765,0.26083808095098165,0.19281628647270435,-0.28161855209703185,0.31433368177255777,0.014657434963124659,1.1552453009332422
87,0.5132113499193255,-0.33953230099503295,-0.09507494096814512,-0.21202656239664702,0.43234250355998627,0.26842057738262964,0.20047004390665193,-0.24802454683587893,0.33758476808653076,0.04672497949780954,1.1552453009332422
88,0.4610863082617355,-0.3340838971422937,-0.056429536878980516,-0.29934992897873847,0.4090962541064069,0.29278983069947273,0.2047663638598793,-0.305229560771886,0.29241233630606794,0.027497169889562915,1.1552453009332422
89,0.4495600899714093,-0.38355554611015547,-0.06497735458338902,-0.25500024238489516,0.41194389187043096,0.29952122569855877,0.20447992534707765,-0.25588043592629284,0.30995508365152885,0.041466330695154464,1.1552453009332422
90,0.4861386134202305,-0.36491966534068304,-0.06470475726130134,-0.2587180033328721,0.43781269066129863,0.27741628197302975,0.20543672984236297,-0.30860159203817994,0.32618584202527073,0.01468563533003248,1.1552453009332422
91,0.491836650171818,-0.3673155352674558,-0.08419319342069123,-0.2667229968640207,0.44130732072998563,0.2773656838073619,0.20542124420872987,-0.29434268684496573,0.31832888898415673,0.022694181354442233,1.1552453009332422
92,0.46439300399311895,-0.382159258071185,-0.09184648971441721,-0.2669732915504349,0.4438703754276114,0.270964360614549,0.20055584504612312,-0.2848918358660316,0.33468083425046,0.003522469581623434,1.1552453009332422
93,0.6679817080463293,-0.12632657348140722,0.06273679666741243,-0.17599326077998942,0.34411668750482455,0.21575621354043434,0.16243013784100732,-0.1944704780825384,0.22488264771789213,0.1928538296908642,1.1552453009332422
94,0.7171031444223964,-0.09581004025127407,0.013214133451885334,-0.07256923861259801,0.34032393631932123,0.2221269182523395,0.17048969576626907,-0.13202390050586424,0.2582179751774726,0.23865619853610706,1.1552453009332422
95,0.716223606811984,-0.1309876569543459,0.009495377774131637,-0.10657862008328657,0.3646915427417607,0.2351720526652281,0.179410025422105,-0.1595923516476062,0.2722044329462854,0.2202911582618908,1.1552453009332422
96,0.7306658357967918,-0.11607454595548321,-0.019767914892784004,-0.04995414039934731,0.3591035667419378,0.23625545241616489,0.18192801837800812,-0.12461301794605603,0.28825278599439114,0.23975330276550386,1.1552453009332422
97,0.70402878398561,0.06500591249813505,0.014604817162135545,0.10254439644677181,0.22212154112141136,0.15948329992012775,0.12789173812135138,0.007099571201951653,0.197549972385518,0.3186553964486946,1.1552453009332422
98,0.6743954217903398,0.09123884357140272,-0.08388293595357406,0.26104173019435134,0.19044747362419978,0.15139997453014342,0.12611040417144848,0.10825402107123246,0.23448136941886794,0.3395244995353773,1.1552453009332422
99,0.679369360102789,-0.008810367973178733,0.031751014911141476,-0.003780103981878927,0.26507221037583084,0.17850666282257893,0.13915003532199852,-0.06897768292819353,0.20541202565075395,0.2660140099532727,1.1552453009332422
100,0.7502976787965981,0.025101737614419653,-0.026522385404725325,0.11664518598778803,0.2670054345102808,0.19018140816466977,0.15184127455377222,0.0020644615673891436,0.24958524920366304,0.3241958354147649,1.1552453009332422
101,0.499065527205533,-0.06295634887572332,0.050735645441518415,-0.1018864339385221,0.23504159210150793,0.14928563692354216,0.11316474253745924,-0.12104571302447328,0.15496028793302868,0.16006743836280127,1.1552453009332422
102,0.7058160087216264,-0.0800770583621251,-0.020845770388119963,-0.010461691715158586,0.3242840193340829,0.21661171444370778,0.1680127479480635,-0.09120768050927404,0.26834828921090625,0.24899521461093385,1.1552453009332422
103,0.3536761360582509,0.09794100183672248,0.01846952769024915,0.10886131770540884,0.06582490094757158,0.05507899407119072,0.04689019498117762,0.051517962746722455,0.07036573223194052,0.19268213851417262,1.1552453009332422
104,0.38153991071447707,-0.24761228188138307,-0.10282492930549497,-0.10936360774504497,0.3174013512753684,0.200832210801987,0.1513824152194964,-0.1551537666630348,0.267460412496695,0.043491076403283105,1.1552453009332422
105,0.6184879463359977,0.1316623493495309,-0.0009319973379170511,0.19094898101365454,0.14235542918699645,0.11401947348239733,0.09544131781860714,0.0816435929478611,0.15552265751274058,0.3222724684007441,1.1552453009332422
106,0.3276852786898294,0.08863589981414895,-0.1976424075971962,0.3854596812112021,0.05825402564815894,0.07215098493426464,0.06757672687352556,0.21337349611784312,0.18719825011332747,0.21878964801691675,1.1552453009332422
107,0.7030825819075075,0.06230681665164179,0.011373949620292824,0.10380782864732975,0.2235993377397482,0.16053268493644826,0.12871834554493275,0.007328601414144693,0.20000156195014362,0.3174559243236685,1.1552453009332422
108,0.6927287365073168,0.10290579601462313,-0.06844033182192648,0.25462152250558223,0.18950285346337092,0.15046171819890072,0.12531985452518193,0.10534538934795883,0.22766873673658616,0.35022832434100787,1.1552453009332422
109,0.7329792405954338,0.07110967660389968,-0.06426229279160842,0.21673166338031058,0.22727848535014666,0.17230963988394385,0.14104018384479206,0.07233793988214587,0.24936268705518408,0.348900423522999,1.1552453009332422
110,0.7110115190183598,0.07981224664346938,-0.11039426487800731,0.2864303540422532,0.2118929288294057,0.1677181975882711,0.1394196431016196,0.11704447763539312,0.26527947855566697,0.353472086536678,1.1552453009332422
111,0.7330117406476627,0.040924183586226945,-0.050527695116683195,0.1649906690992738,0.2488197084909672,0.18210660381014868,0.14699646162150692,0.03544047835524102,0.252061485530186,0.33020034237373475,1.1552453009332422
112,0.7511111162199596,0.05250206688784802,-0.08435871761642852,0.22428889256450904,0.24688112533788287,0.18580773891735516,0.15159702017140955,0.07089169563731491,0.2730291651903342,0.3502578085413798,1.1552453009332422
113,0.662709624437605,0.01812195575698262,-0.019841315292042826,0.09375883557884736,0.23875819863592534,0.16912813629390366,0.1347222479783885,-0.004484931498909466,0.2198259304874885,0.2835037028037653,1.1552453009332422
114,0.74767691050534,0.007937420647481826,-0.07478930426976327,0.1619590468887524,0.2771497533929452,0.20037222681552708,0.1608479506709469,0.024955381010699683,0.28193122832716727,0.32329455876711904,1.1552453009332422
115,0.5689546669520019,0.10498223909378444,-0.03586984910345654,0.204585884304046,0.1416308427508663,0.11413283552968422,0.09563466991041006,0.08841112566551224,0.16842213201303582,0.29462207499668036,1.1552453009332422
116,0.6057240590333506,-0.09791503148512028,-0.09202552640710404,0.057777951044926,0.29740176507540833,0.2036426558712466,0.1595523402246186,-0.04578576803091674,0.2822602745887584,0.21243472938737668,1.1552453009332422
117,0.555384177415981,-0.15157910361114368,-0.02525490692866985,-0.09438455205067295,0.3173725241935101,0.2038221795033226,0.15506487430623586,-0.14169698460964594,0.24679891131941584,0.15049140262188537,1.1552453009332422
118,0.5578755968579645,-0.17994965053616155,-0.19520023515348575,0.1014688989234499,0.33496260568768665,0.2309989968255961,0.18127600130926053,-0.033915270100093826,0.3533931104628598,0.16915939781407674,1.1552453009332422
119,0.3120303412216427,-0.1630636743938408,0.010822814498751186,-0.17262516223449895,0.2336652163227957,0.14076337277878317,0.1036215328323726,-0.1666923708204437,0.1514887253115401,0.038266166902362224,1.1552453009332422
120,0.5516575197891468,-0.25438649521587786,-0.07389725910785656,-0.14339065017051494,0.38740600855310386,0.2452221130446671,0.18504883665918673,-0.1927471212570977,0.3086312492279566,0.10362815826286526,1.1552453009332422
121,0.3012423704091458,0.08485409438397494,0.038477967155734115,0.06391636321516968,0.055503502624936224,0.04423184516406403,0.03708346093738487,0.02738526006770696,0.0465926038853091,0.16049524587662195,1.1552453009332422
122,0.05051367313871498,-0.3334788826124278,-0.1824814079509057,-0.12150354030988529,0.2504806458724108,0.1530577047743393,0.11291861389860877,-0.1497021004547193,0.23481431391967986,-0.12174288817884629,1.1552453009332422
123,0.6169122102445901,0.10365140542710449,0.08431321123887807,0.04595496793981481,0.16315834544585855,0.11582078430309849,0.09266534998956949,-0.009046263531757422,0.1165647429177085,0.2902924424505932,1.1552453009332422
124,0.41687282543811016,0.13237282166158432,-0.12399202080299285,0.3417931590760415,0.06279962080135178,0.07250966843163836,0.06711063489325501,0.18907872485951596,0.15939401830373845,0.2642155283503201,1.1552453009332422
125,-0.21844976171906103,-0.3366142921750444,-0.10380316640941975,-0.2492497362810129,0.15199508753786437,0.07617531082967459,0.049433257183179695,-0.19929675781233264,0.10425407691524748,-0.24816969054769394,1.1552453009332422
126,-0.09820689285607678,-0.40281817864874325,-0.37133731902698813,0.04352412344407375,0.2390737958610501,0.1573966988568948,0.12006936858894461,-0.054572263110945755,0.31723060688615884,-0.18285035884182707,1.1552453009332422
127,-0.2563829712172535,-0.12368495092379009,0.09503830768905022,-0.2820666857148668,-0.00848119379496259,-0.030843210981985832,-0.03289203893278713,-0.16760374518220525,-0.09400881326747779,-0.18861641961406114,1.1552453009332422
128,-0.4622859385922784,-0.38440851272360094,-0.1885095990085062,-0.2063147299167579,0.091304397168053,0.03777223785078304,0.020143059874847564,-0.16157414611893015,0.08955893442702692,-0.3566389524881359,1.1552453009332422
129,-0.0802671343704785,0.10387881986343463,0.06801688095836207,0.018322908778178115,-0.10233547779951882,-0.0656704291039751,-0.04974512159832813,0.04139287485654343,-0.10038006761406104,0.009474563712779943,1.1552453009332422
130,-0.5278659687065714,-0.06989842584708318,0.09782358255578014,-0.2456230897536525,-0.1495042022215008,-0.12210898518744913,-0.10262106877108253,-0.10850151944171127,-0.20222375020462524,-0.2711464036763411,1.1552453009332422
131,-0.32200983361985613,0.2284630670864912,0.21116837842363267,-0.05233596918806248,-0.2791582327503912,-0.18843962239471063,-0.14625392925690972,0.050849080572008154,-0.30271405879721336,-0.05030730354937551,1.1552453009332422
132,0.1575553012003331,0.3399828158764118,0.29487606726478693,-0.00665020507074852,-0.17376203631661807,-0.11149433592649168,-0.08386380772093785,0.056494899637047034,-0.23306630932507466,0.18832496905600854,1.1552453009332422
133,0.15168537515332142,0.3868822291028847,0.14603973864752023,-0.02382550590433007,-0.1933549139554345,-0.30866164030369814,-0.20551009497425776,0.07960506354187305,-0.3867403198975451,0.18997061596346468,1.1552453009332422
134,0.2174868292146773,0.512003607637282,0.43886057714035637,0.035469302712933755,-0.17751892412059217,-0.10445006299485296,-0.2233237219739045,0.036432338971446585,-0.16269099621356475,0.1818914949599185,1.1552453009332422
135,0.34580511460172114,0.4541741423186304,0.3301074853204816,0.08601023973471872,-0.18193501377232574,-0.10738404089275753,-0.07703528866702189,0.11794436308932127,-0.23143038137357053,0.3190196399147941,1.1552453009332422
136,0.20903590637997085,0.4889515291145407,0.2250348203856369,4.539691258787678e-05,-0.2050063190298102,-0.3201137428688665,-0.20956936870915524,0.22267953973629281,-0.35963891955227084,0.12393064344622805,1.1552453009332422
137,-0.006009275366418981,0.2956253197326246,0.1670198428852425,-0.0005514733595085175,-0.3468153915472657,-0.25468510962391266,-0.18934462869783547,0.004702446119820374,-0.33084907881126396,0.2798870341507166,1.1552453009332422
138,0.18789647707537396,0.46380069043409844,0.18940007235837877,-0.12226071463297264,-0.3381419784252287,-0.32408887168369116,-0.21339839495041657,0.10432712410806864,-0.3697657169071104,0.13834325822631754,1.1552453009332422
139,0.12467746351612173,0.3155962361181898,-0.03643956753310312,-0.026208484912870374,-0.14550339125145495,-0.3913024499971938,-0.2508357828328652,0.07868994046281963,-0.20941128141916288,0.258187660993375,1.1552453009332422
140,0.2708360168380935,0.42824339342112244,0.21568609875069317,-0.011959358915661269,-0.22806106582269525,-0.3617768058801931,-0.14262367548235658,0.14605707951044034,-0.4555656839243674,0.17251452340719609,1.1552453009332422
141,0.2812349984973438,0.43785072317370943,0.2244335061645573,-0.11193580313985964,-0.17506232429842059,-0.3360652401192577,-0.22286607720338414,0.12264386523680483,-0.4242264922014649,0.20880550030364425,1.1552453009332422
142,0.09610228373018397,0.4650802855587434,0.2559664491307149,0.013190727408660619,-0.193778100857843,-0.3535749463340061,-0.23177357815133368,0.02067814993340388,-0.4782740850001373,0.18823955404350567,1.1552453009332422
143,0.10882306144203224,0.4311689241299624,0.13713879672569287,-0.00019532460536288626,-0.17024967776344302,-0.3314381388412698,-0.3214887869192436,0.056791429255427815,-0.5210563449871873,0.13451376803901818,1.1552453009332422
144,0.14128382714358112,0.48012600480959283,0.16493273904673064,-0.09874693977150875,-0.23171222922606535,-0.3069365490707603,-0.21565279204309115,0.12038724345573364,-0.5132397137768122,0.17494474374053615,1.1552453009332422
145,0.15746987932035034,0.4710508995969286,0.06251407585097947,-0.02743191045330349,-0.2106978237431067,-0.36530523411723187,-0.14236204554169862,0.13617040072330877,-0.5070923486662154,0.18479157226502185,1.1552453009332422
146,0.19792994371882133,0.4370823140460622,0.17171009500273002,-0.02074948050310456,-0.22891185146740836,-0.3142649333768275,-0.2242374050718687,0.12790081875294865,-0.5321936340113838,0.21798623853756913,1.1552453009332422
147,0.248010088111374,0.4652911534688599,0.11956993312491247,0.023441490053678127,-0.2068031946033704,-0.3684757304083159,-0.24030190043671187,0.12216589881447451,-0.43475643572477657,0.2609029250613028,1.1552453009332422
148,-0.09165379586036834,0.24828476659929463,-0.0026850308497845437,-0.016425498235971763,-0.3464120493590595,-0.3798141271989302,-0.26610502990743845,0.00369443870899363,-0.40071831080295345,0.23018329999099954,1.1552453009332422
149,-0.04360143033405818,0.39247516650023384,0.24699516529666854,0.03701964602318347,-0.42454879236472515,-0.2733555195793754,-0.3116426858299914,-0.03374549672130987,-0.2947998563808498,0.3092240569208221,1.1552453009332422
150,0.008224211323825762,0.34912173262572915,0.16162089459755005,0.055262951962689495,-0.44880443057155317,-0.3042525351963018,-0.2274756240755548,0.015300513801085306,-0.37371169611429267,0.39768396900979586,1.1552453009332422
151,0.06118629293865749,0.3604805679709987,0.195596371669971,0.013376357540005093,-0.45271480387901186,-0.313432270663934,-0.23482735918333242,-0.018977064325661108,-0.39581107194991816,0.43753618941487205,1.1552453009332422
152,0.04703014876832277,0.37496393952494395,0.15208282528548084,0.08801801904983324,-0.47238314397055403,-0.31842041928353976,-0.2368746112395508,0.02754192167253116,-0.38061656070662825,0.45189939651899186,1.1552453009332422
153,0.3220076570798906,0.5180852039548477,0.5096247752389348,-0.04361911110808368,-0.13772510687072803,-0.08376505300516456,-0.21400856592759795,-0.020834527022770218,-0.16468746319044833,0.21103026809976821,1.1552453009332422
154,0.3040836491419318,0.5844801089499331,0.47123042418434036,0.0864210722530615,-0.17695183956032787,-0.09800990647228493,-0.2452862552890623,0.05881896383909924,-0.14023855035926083,0.23089037562438314,1.1552453009332422
155,0.7624484744107601,-0.0036046772235885996,-0.02253589091512242,0.08042782429966615,0.2919199469281578,0.2035385392711038,0.16100933352561397,-0.026600582428862537,0.2612066426016591,0.3130995640086032,1.1552453009332422
156,0.763956369403595,0.006311892633074472,-0.05452431221051523,0.13424461494245146,0.2848807917164578,0.20332156576404534,0.1623874709283332,0.006865815162250833,0.2763286200524895,0.32515714248073446,1.1552453009332422
157,0.7438416348015894,-0.02892838619138723,-0.012352263121145216,0.03748198117890675,0.3028821242695105,0.20699450464725752,0.16230075849559625,-0.05550796943467679,0.25818447851535165,0.29007657468828096,1.1552453009332422
158,0.7746137658692587,-0.02104438166644934,-0.03805996169237497,0.08274303652552262,0.3085218227001356,0.21460866568941367,0.16954120823308713,-0.030278085844968165,0.27995222443750417,0.3117661476851754,1.1552453009332422
159,0.6527272052228277,-0.03154246854700227,0.009444316807296547,-0.001021540964355989,0.27051662702453033,0.1819799669440547,0.14171185537905698,-0.06986773748484314,0.21723524303089192,0.24735803172316248,1.1552453009332422
160,0.7493161437394937,-0.06330862798746477,-0.035827986639586695,0.031204204062451744,0.3287154297321469,0.22328583095225701,0.17450998335326368,-0.06731993310448289,0.28511239102739816,0.27853272881294394,1.1552453009332422
161,0.751608627981608,-0.04672973082830053,-0.04361848083585048,-0.038943483229770585,0.32464267784290246,0.1472487016907867,0.1253766707646858,-0.09659300202825799,0.20319876673041384,0.27142089324477064,1.1552453009332422
162,0.653485535486733,0.016984631499458672,0.07249762780664162,0.00024094033580796022,0.31089805053019065,0.21260731846395667,0.04854006151520451,-0.1197728528242814,0.31767237477387067,0.1860225533602022,1.1552453009332422
163,0.5254983007248815,-0.14514632384017317,-0.09687046919280494,0.006287382297425236,0.3000751568783788,0.20040101225223697,0.15516996536526784,-0.07866055851004604,0.27532436421262707,0.15553993719581424,1.1552453009332422
164,0.7587253893582192,-0.08547243509792703,-0.04397108278336248,-0.08550206111065145,0.35495189658804077,0.16001708808052373,0.13427188132634013,-0.1326518782948736,0.21527101339317128,0.2529003675783087,1.1552453009332422
165,0.7847130911327462,-0.06711863639264433,-0.0781227061091431,-0.03039507053857382,0.3521145099839089,0.1542063954999992,0.13293031896429153,-0.09784582924527403,0.22622613518945647,0.2774892606699912,1.1552453009332422
166,0.7259663599394405,-0.11575516316880885,-0.032681356403680945,-0.1275992886042466,0.36343573229143566,0.1678236935485098,0.1378696717527092,-0.1615447478519701,0.2159918296899484,0.22289397509295586,1.1552453009332422
167,0.7725295890127667,-0.10714545718899596,-0.06356712302345968,-0.08504438848376517,0.37526809300022174,0.17149255189837972,0.1433578821291797,-0.1382824515567004,0.23606981858628717,0.2502597380005457,1.1552453009332422
168,0.7662227954372344,-0.11613499811653255,-0.05927145828201337,-0.13639762599708297,0.38173420730766655,0.14738807195463327,0.1273178764399088,-0.16672818210346507,0.20579676891746754,0.23554547042913412,1.1552453009332422
169,0.7438374629995125,-0.11241504228224355,-0.01885775737157803,-0.13367456186057425,0.38850307914786897,0.18402205629631282,0.1179310681900422,-0.18295344738932093,0.25401403574175624,0.2081386282002713,1.1552453009332422
170,0.7283281774277958,-0.1523717807192598,-0.0576872478057618,-0.13269618982506665,0.38950347923062234,0.1855832189403074,0.15101379801066026,-0.17301839721476014,0.24505234818266747,0.2095261766825565,1.1552453009332422
171,0.7659985594198557,-0.1157230773217231,-0.05529785570380142,-0.15626449149077393,0.38114129538192554,0.16774769679907278,0.13689009290179505,-0.1839219558484107,0.20292332175311478,0.23820411409833225,1.1552453009332422
172,0.7645582687337733,-0.13785192858387896,-0.06000832473184016,-0.13832030487776398,0.3852354951232155,0.1695486778564231,0.13677790943736415,-0.164275635132355,0.21204441380267028,0.2435312856721087,1.1552453009332422
173,0.7837112448283526,-0.1130742793921596,-0.056881964114628994,-0.12404373741465338,0.384824319643423,0.15353842499464798,0.13269427886330942,-0.1799421647126768,0.2089346132582887,0.2418862842851929,1.1552453009332422
174,0.7841528648399706,-0.11034621791260728,-0.0699056441748197,-0.12393594278845238,0.38223343959294703,0.15335994529845146,0.13248378739182795,-0.1681564909386501,0.20015867293605055,0.24874417278327152,1.1552453009332422
175,0.7799771709296545,-0.12448161649011498,-0.0742188007942125,-0.13306957035318076,0.39313042575020907,0.1494429868996302,0.12994113025694334,-0.16725393682310916,0.21469901222610513,0.23803240491527705,1.1552453009332422
176,0.7551436639895415,-0.1291937207497593,-0.05205187097529148,-0.17291779242884614,0.3863425182136296,0.17172119474565928,0.1390620222151071,-0.19582060396060277,0.2048999528198207,0.22656333780853713,1.1552453009332422
177,0.7726091953094139,-0.12208228780219466,-0.06260201262549131,-0.1582208589485684,0.388023854847692,0.1764786234562913,0.1423740171147668,-0.18835963031315955,0.21004016915833446,0.23943516252578487,1.1552453009332422
178,0.7221071923299103,-0.1385760980989856,-0.04158274712556135,-0.18757934734639092,0.379874173793792,0.17147545335294342,0.13757712734628527,-0.2037129970737538,0.2004052169558563,0.20780804218696616,1.1552453009332422
179,0.7580237446968768,-0.141186233885405,-0.06094786787281216,-0.17427068255869205,0.3957127433288032,0.1777940753960642,0.14362238741366953,-0.19957320849548402,0.21493506538355941,0.22307302117503616,1.1552453009332422
180,0.6872213329889156,-0.09581296443068116,-0.02905223230131258,-0.1457113702792555,0.3358673504692345,0.15336229071341645,0.1237990761654781,-0.16717137422811695,0.17779591418782922,0.2161162096463816,1.1552453009332422
181,0.7070722966009761,-0.17177918680339913,-0.062311547082239904,-0.18867366965169366,0.39659861439260763,0.18607341241360925,0.14803258429342891,-0.21056773012662805,0.22533369558767252,0.18927282479157892,1.1552453009332422
182,0.7592911426564283,-0.09431682134035808,-0.05185687214728468,-0.1374582105880955,0.3633369749986656,0.163451240834343,0.13291062942138304,-0.1687813984126232,0.1936285767545569,0.24729369848797947,1.1552453009332422
183,0.6975594581186342,-0.09412196271886147,-0.09409741913183034,-0.049829442939762277,0.33687828236276596,0.16638141017049582,0.1357497620367212,-0.11238787855854177,0.22259152757756048,0.23498074794485077,1.1552453009332422
184,0.7567400116995778,-0.09317527613998866,-0.04742396274254442,-0.16615360830598055,0.3614586088949479,0.18865251890819154,0.14419418334287148,-0.19266940756426643,0.18676813405497025,0.24998580145295732,1.1552453009332422
185,0.7485005953651152,-0.12685039132855955,-0.05163663587658023,-0.13973934964850654,0.36380155392694824,0.19563627257026447,0.1453592939613894,-0.1625246896013342,0.1988676389375177,0.25849727546310836,1.1552453009332422
186,0.7803856193120039,-0.08709722701159021,-0.045897595819063323,-0.11691695479167455,0.3639835790135988,0.17311192566568706,0.14082023881350894,-0.18685337278308287,0.196973435452735,0.25634126756080083,1.1552453009332422
187,0.7819618227268836,-0.08524771748843864,-0.06597892442810757,-0.11995556084992183,0.36245642986510906,0.1715974404905095,0.13976586229149382,-0.17031428756085631,0.184855440964344,0.265301634550677,1.1552453009332422
188,0.7767688708889262,-0.10425395630869531,-0.06866194451749964,-0.12987553394048765,0.37693826950911186,0.17118095298441927,0.13928873972135175,-0.16815030512730023,0.20861408581161395,0.2517189486620257,1.1552453009332422
189,0.7407339009642705,-0.11274033913931256,-0.04286895690690817,-0.18884833280297422,0.3689262070483597,0.19298890844882277,0.14666797179565327,-0.20865614369312951,0.18984613439289835,0.2328075493351445,1.1552453009332422
190,0.7659871775408446,-0.1016485918067015,-0.05769853399233077,-0.16988869707734394,0.3708387801231337,0.20093724053693288,0.1517657960560974,-0.19952990005439772,0.19584274796581544,0.2519124612043904,1.1552453009332422
191,0.6918748702316257,-0.12687423084815225,-0.028517973702024482,-0.2067897669171204,0.3595648298567275,0.1894109786771837,0.1430087672827996,-0.21726495302719157,0.1840326122910125,0.20461606117127792,1.1552453009332422
192,0.7450179342653557,-0.12997887586535523,-0.05558684589454765,-0.19068973719318213,0.3824473442801368,0.20167517856420047,0.15321974798384672,-0.2139735474671827,0.20435309356953826,0.22783034596224067,1.1552453009332422
193,0.652118508362319,-0.06702131430074311,-0.016043288584795114,-0.141907642594314,0.30161619003972345,0.16094061506140764,0.12283231239051184,-0.1620932514986901,0.15532511948281816,0.2197178933135736,1.1552453009332422
194,0.6691456704509466,-0.1760624597839185,-0.05973403508278297,-0.2053353273445958,0.38416024522476605,0.20864773533790806,0.15739608867807933,-0.22489166901435845,0.22157181238505175,0.17674133773318282,1.1552453009332422
195,0.6726610005737654,-0.09439543435503936,-0.08254496234236565,-0.22498547283403258,0.3377777691703702,0.06942590259374057,0.06860907890424985,-0.2045001673564136,0.08767846725862279,0.1978260523653879,1.1552453009332422
196,0.706567454975329,0.0022646427536497514,0.02125526594333035,-0.09471478753306457,0.33113559455345287,0.1861939106458368,0.05360691137124578,-0.17198124445689714,0.2407696377122116,0.21257025086708886,1.1552453009332422
197,0.6775259979843019,-0.06603779944777288,-0.10046608819372123,-0.022001825254562103,0.30869648680678435,0.17671263732561981,0.1382499988282186,-0.0943214619249121,0.21376993085198598,0.24734657713795463,1.1552453009332422
198,0.619542430494085,-0.16916094302498008,-0.07533984125917811,-0.30659478846780586,0.3696464779593731,0.08627934619576928,0.07862040546249732,-0.2634404102648342,0.10175433555761439,0.13645799832298922,1.1552453009332422
199,0.7188699719751893,-0.13885960125793478,-0.152698197761992,-0.23573647480217205,0.3893274200285053,0.06296128515060029,0.06976049841372838,-0.22031854434353046,0.10979057604565753,0.19575648066103093,1.1552453009332422
200,0.7584946613742838,-0.12948329947890708,-0.14479153046678928,-0.2351918162941281,0.40827323670301596,0.03816776630629834,0.06574639803442776,-0.20144192136207484,0.10804406582603585,0.17241073407284363,1.1552453009332422
201,0.7459934806150851,-0.13550744067260878,-0.15019183005274567,-0.26929034491219106,0.3688681624981711,0.0714631022729992,0.07690040274869837,-0.250626597567539,0.10391834308029946,0.19261417471286524,1.1552453009332422
202,0.7323266006251185,-0.1713841890069188,-0.14412241350092292,-0.19473259262327783,0.4077944166326049,0.07621940224072879,0.07907525938518922,-0.21631447046662594,0.0758764397352626,0.2039156390353811,1.1552453009332422
203,0.7082730642222801,-0.17265429156363343,-0.15538989861115793,-0.26891194354928366,0.40899215913261094,0.07289092686222284,0.07634616723948688,-0.2460728250807342,0.1203367265453924,0.17404286747544204,1.1552453009332422
204,0.7372072659140978,-0.1362048483326645,-0.15350101412721226,-0.23823788153975758,0.41158384065356224,0.09439777551246709,0.058080571156889145,-0.24733973576052096,0.10594217004165335,0.20704297832486143,1.1552453009332422
205,0.7395657063876753,-0.1383854397204501,-0.15723083388229092,-0.26163927678371574,0.4042573889368323,0.08422181345893592,0.08201195042201113,-0.244084769970655,0.1099970205051746,0.19543712516938458,1.1552453009332422
206,0.7331666260718565,-0.16465849798374002,-0.13031009473876726,-0.23241087335748764,0.4131535065762367,0.0718226869418741,0.07761924461848432,-0.22484974480178713,0.1177533132608151,0.22658105386466512,1.1552453009332422
207,0.737595847862833,-0.15875910228071863,-0.1844364227332419,-0.22540744535437152,0.4105983996019598,0.07072051324483519,0.07709960569303437,-0.21970522799856107,0.13158900129364795,0.19693802705024693,1.1552453009332422
208,0.761547384514708,-0.14615533943478307,-0.14455366915282794,-0.2547402492713334,0.4228080605706382,0.03992876795089984,0.0688241685528899,-0.21369938598067817,0.11308927451763189,0.15803898009526102,1.1552453009332422
209,0.7764661724557124,-0.13779967310814956,-0.15762151212207623,-0.2317978367354951,0.42314554671933324,0.03780613840304954,0.0690163701656219,-0.1986451948952616,0.11847086275812972,0.1682249375210481,1.1552453009332422
210,0.7759208612435327,-0.1459916926237727,-0.1585102506157359,-0.23966980185330736,0.4288455537752269,0.04031904780804287,0.07091475294486951,-0.2046947811557721,0.12158044855537375,0.16316042464167652,1.1552453009332422
211,0.7819375503202656,-0.14233943173126892,-0.16487956913778912,-0.2284652665752236,0.4286479317115467,0.039859666145996876,0.07119169940557424,-0.19763241755857178,0.12445748591958765,0.16808537190321762,1.1552453009332422
212,0.769464943393888,-0.15153260025543772,-0.15540033812424342,-0.24589822332914918,0.42990592619868695,0.04340523761158206,0.07247967579213249,-0.20949068332856755,0.12318170181723294,0.15837312713784818,1.1552453009332422
213,0.7783299556525751,-0.149971896817399,-0.1624830970547833,-0.23962792737319408,0.43261703470982454,0.04201259399822757,0.0723819938796378,-0.20560281470325928,0.1251583617227759,0.16235463210178466,1.1552453009332422
214,0.7520212494777093,-0.15329417234199325,-0.14516226816450914,-0.24839600391811986,0.42329483977949117,0.048157105906575765,0.07413578355871038,-0.21140392371344083,0.12359542480811199,0.15275494570738515,1.1552453009332422
215,0.770414092233274,-0.15752023514645774,-0.159590607065887,-0.246537769083152,0.4343691862283978,0.046466857393495334,0.07474869520054915,-0.21132231353014683,0.12817675110562696,0.1564810254245291,1.1552453009332422
216,0.7540345861255298,-0.13067123188848923,-0.14322153876588095,-0.22388620566809042,0.40796811429677476,0.04150577274143046,0.06955330006029871,-0.19251714235623416,0.11683954607018503,0.16585914896651954,1.1552453009332422
217,0.7422392966561078,-0.17046793700151983,-0.15307963963679402,-0.24352040317918425,0.4301322764831389,0.062044941689418445,0.08302312209472008,-0.21311617040195507,0.1417814951930374,0.1454358065015945,1.1552453009332422
218,0.7530924306570995,-0.17296464903062095,-0.16638487779200123,-0.24879142809759747,0.4373621252188189,0.05214747348837366,0.07775088096364048,-0.21585346206366476,0.13657818531320765,0.14659922415347812,1.1552453009332422
219,0.7516349625167594,-0.16880604777362368,-0.15144605478137455,-0.2421563357973504,0.44029992808777885,0.06782539907333963,0.07579703170654427,-0.2188883455052978,0.1572845200290601,0.1414001429870062,1.1552453009332422
220,0.7447539960976177,-0.17978682094610637,-0.16641609855964762,-0.23184657137250123,0.4369950568983388,0.07006821289159496,0.08896292980925599,-0.2090888469171558,0.15646973808186404,0.1452908671337701,1.1552453009332422
221,0.7520234178097044,-0.17940846564459423,-0.16779841383004596,-0.2560149376166338,0.4416015187034595,0.052999779683451737,0.07838969398800708,-0.22123527850012348,0.13769695765995818,0.1426416261231201,1.1552453009332422
222,0.7576105064891847,-0.176759899687809,-0.17308462757502682,-0.24814831270058618,0.44199033820480543,0.05227213285790666,0.07839699275618713,-0.21630538325869492,0.139582166802839,0.14663760969455203,1.1552453009332422
223,0.7723450469082673,0.01315466554433739,-0.046079998010887475,0.13583132036900228,0.26763255287187543,0.19992583841801354,0.158650424151844,0.0007784077905294353,0.27083384141130384,0.35003767269870245,1.1552453009332422
224,0.773049420801226,0.013915386215000174,-0.0687929476719964,0.13197650213311282,0.284814319240189,0.1823958948699434,0.14973216012475715,0.008879988130097894,0.2780443453123448,0.34063615713992684,1.1552453009332422
225,0.7726310610208469,-0.007609100006742419,-0.053557205825262695,0.11817021696112788,0.2980015427355116,0.21062065547214215,0.16751492894433845,0.010474842658255976,0.28759339898439806,0.31427722440352357,1.1552453009332422
226,0.7815281062889075,0.010249421356372414,-0.05398009954573991,0.1420711072938517,0.29557031872303957,0.21146353761954603,0.15808782108805194,0.004943002703810944,0.2744044881687837,0.3290452868996487,1.1552453009332422
227,0.7775356637471668,0.011096793775821543,-0.06598251981742943,0.13820882532926368,0.29090566096105996,0.207392536392749,0.1776477488384785,0.013203525098418998,0.2748348387326214,0.32860254975064085,1.1552453009332422
228,0.7682594407120872,-0.0037026612655652294,-0.07083569042815993,0.1452658308379968,0.29324919402111854,0.20967523241879701,0.1675453962310442,0.010666687694942235,0.2904002425414864,0.32472389497427173,1.1552453009332422
229,0.7197763545822884,0.05476178819421847,-0.0792480835312023,0.2177286539392856,0.2334789702181623,0.1762706224028928,0.14399803771556396,0.07055353318798928,0.2592005838307347,0.33770761605643623,1.1552453009332422
230,0.6874790817770717,0.06072061921121619,-0.1360804612829856,0.29795297601408666,0.21588912237043528,0.1709902633595232,0.14209632331180022,0.12178042979917122,0.2787598763829071,0.3386721959649838,1.1552453009332422
231,0.7192240842482842,0.020992265942151003,-0.06269340236140707,0.15821330654134014,0.257377466111366,0.18696367418169357,0.1504090602281171,0.02837933688321898,0.2613573242850822,0.3163181443867454,1.1552453009332422
232,0.7392596904290344,0.032637910756119944,-0.10261283629519287,0.2258590195973841,0.2560075841171282,0.19172481492813415,0.1560626002000296,0.06853295599741485,0.28636759630970315,0.33837403559329543,1.1552453009332422
233,0.6401560424724777,-0.001046519440542129,-0.025294656090604845,0.0782334011918028,0.24357798660731597,0.17076849311255515,0.13539577083171137,-0.01564631028887126,0.22222461062589763,0.2651623408826417,1.1552453009332422
234,0.733707551976936,-0.017708178914660207,-0.09035087692566235,0.15338512797187714,0.28959579063384255,0.20760243689131935,0.16600834614372822,0.015595697401385309,0.2950627934208354,0.3069516792406512,1.1552453009332422
235,0.5383156490530839,0.09617619264386376,-0.04381961550327714,0.20328344684880978,0.13603006623809644,0.11008097047750516,0.09235012505109083,0.08862096323916804,0.16602331654746147,0.27898269436536455,1.1552453009332422
236,0.5682466813289062,-0.12989856236616681,-0.10165904798523542,0.032597951594488174,0.3054919987812834,0.20647080328468284,0.1607668131053333,-0.06400067817289726,0.2866144021762299,0.18199716282620007,1.1552453009332422
237,0.6728035328897891,0.08864903324419508,-0.08729161175761546,0.2626176368842185,0.19159936997755136,0.152256616045466,0.12679605406153596,0.10875127370575136,0.23678618411990782,0.3381543653506131,1.1552453009332422
238,0.49730821218323196,0.0816494537291658,-0.1864302617935642,0.37483202322373044,0.12787217252641456,0.11816737047969204,0.10314108024173187,0.18943757216718307,0.2382862647597829,0.2820264678272937,1.1552453009332422
239,0.7173920201372815,0.051234190795808925,-0.08350930546394579,0.2193497616845103,0.23497336252857057,0.17734460738048488,0.1448453311248317,0.07094477178379413,0.2620543596870798,0.3356797538295778,1.1552453009332422
240,0.7011785743483782,0.06753936824445687,-0.12819525330814005,0.2959366931389822,0.21644915404990495,0.1713331272440532,0.14237673153000263,0.12080896625533173,0.27638991778823213,0.34636392712828357,1.1552453009332422
241,0.7167950722012282,0.017621313386031554,-0.06622571779963264,0.15903064158262595,0.2587588694631851,0.1878993317083112,0.15112826445938615,0.02834045122149811,0.2637307915592419,0.31421497176293267,1.1552453009332422
242,0.7363861781321402,0.02853244489340143,-0.1073821786643436,0.22748490823685483,0.2577130316743774,0.1929308681413382,0.15700742575971666,0.06884548489772405,0.2895496369207181,0.335937205024217,1.1552453009332422
243,0.636507352073552,-0.003733322935272791,-0.0279048475818643,0.07848867165667699,0.24403203969050655,0.17104538265503902,0.13559234368812811,-0.015745139433961945,0.22344512993495555,0.262748607266621,1.1552453009332422
244,0.7311321962615173,-0.02168474111436483,-0.09399314634235745,0.15366899047496907,0.29134592611870314,0.20873259842325947,0.16685904408983213,0.015125082392711894,0.2976604432543782,0.3044877300819373,1.1552453009332422
245,0.7357656389187278,-0.04392743969423197,-0.0861990221631211,0.11897939266158998,0.30892542580654464,0.21738166994662717,0.17245685524917617,-0.010497394014650843,0.30245755503667643,0.29303485538891205,1.1552453009332422
246,0.7355800298173211,-0.04004436176673778,-0.1172497994787418,0.16474823213437145,0.30551022982217735,0.21884806082537311,0.17487279449566212,0.01709506999635457,0.31858851488925194,0.3010103333651585,1.1552453009332422
247,0.7603662860742827,-0.040018125474422246,-0.1043126518898504,0.12312309672844336,0.3169841073590833,0.2053101455515985,0.16633594598810322,-0.007392646501813467,0.29785674458886696,0.30378375140810254,1.1552453009332422
248,0.7502789742562923,-0.040349902839192535,-0.07998119933728014,0.12056639676834766,0.32331606683031433,0.2276563537697092,0.1624067917431854,-0.01962808771422775,0.3259642343273958,0.2880297950606253,1.1552453009332422
249,0.7435005913079853,-0.06267306862557114,-0.10065890169870173,0.11811252375054601,0.3247838709127826,0.22766815596278814,0.18027845503152998,-0.015899119339213313,0.3196174420893669,0.288996029059806,1.1552453009332422
250,0.7410245123909599,-0.05204269101455253,-0.11632565829294308,0.15062811601989767,0.31604816364043964,0.22459720745433298,0.17886197063062143,0.005673025385530887,0.323983565488316,0.29666455340542547,1.1552453009332422
251,0.7363298535884429,-0.04933642145239807,-0.13129538808594624,0.1732883453722839,0.31206362427924184,0.223789209040673,0.17886840154759812,0.01994707740176065,0.32997845116953295,0.2990771136955709,1.1552453009332422
252,0.737191976925519,-0.06059019690917786,-0.11018130091106249,0.13269008087168396,0.320731868043915,0.2261495876152093,0.17950633380450123,-0.0063268936652059625,0.3222285153340625,0.28936929687180235,1.1552453009332422
253,0.7442600555652235,-0.05955705498792981,-0.12309449823813427,0.15158951862969222,0.3224373564872975,0.2288481753758814,0.18213214622746254,0.004258771586997627,0.33145517555868254,0.2952879441772326,1.1552453009332422
254,0.7108823190588108,-0.0590386917414731,-0.0934150313914701,0.1101314022920949,0.30996757689852633,0.21708710321749886,0.17183984355071846,-0.01663923912397157,0.3036923673244349,0.2762433750340651,1.1552453009332422
255,0.7385065661968575,-0.07389371245568181,-0.11847961100426141,0.12915390187679068,0.3304380209113456,0.2321681950991627,0.18397815238787496,-0.0114669734510425,0.3319440175453686,0.2844234390269083,1.1552453009332422
256,0.7509574276589115,-0.03955042650948241,-0.09638917492586421,0.11565367235744549,0.2850987511667924,0.2286421864783902,0.18165708991289434,-0.021399231930464724,0.3079496363457449,0.2909902692466459,1.1552453009332422
257,0.7064301449153287,-0.024495385595858583,-0.10338497827077661,0.161348558177191,0.2837511450477312,0.20417270581391378,0.16347893105471825,0.021340715991133002,0.2959266710801144,0.29473647592495694,1.1552453009332422
258,0.7246321245406012,-0.01073225067710974,-0.07650756187644289,0.10836059741251128,0.2938578868040278,0.25107442588029133,0.18868876573486534,-0.023271866455285572,0.28967941886138665,0.2905469243488769,1.1552453009332422
259,0.6583698991873408,-0.10828598157719319,-0.11954080987953039,0.08681747692182347,0.32417729512900983,0.22387463811612776,0.17602532753934957,-0.036159644180965546,0.3184579066081663,0.23366931542666314,1.1552453009332422
260,0.7668284601814979,-0.03563867821804124,-0.11240731674394562,0.11685533135322111,0.2925887193922275,0.21202795043012304,0.17207962285765754,-0.018197662872554986,0.29824143585302115,0.29868266256440384,1.1552453009332422
261,0.7651922106805766,-0.03262440972590981,-0.09387663102748707,0.12166561147207244,0.29030020843500776,0.23619103709812034,0.17550919697172515,-0.0251177450053896,0.3243174568603114,0.29065469511450964,1.1552453009332422
262,0.7638543775669666,-0.043688631697379174,-0.10787896832053102,0.1231508484815073,0.28786148001882617,0.23608777906680545,0.18771408049849467,-0.020727910705370195,0.3193778259111599,0.29395872480131696,1.1552453009332422
263,0.7745246535041554,-0.04457583960616906,-0.11464184616586826,0.1076696565008104,0.3020196808915001,0.21545338703322095,0.1747644274803725,-0.02601910187621538,0.3027343823697671,0.29698441258716585,1.1552453009332422
264,0.7745481295877588,-0.040215834803795904,-0.12483882323801783,0.12236355320747788,0.29945009761885855,0.21174481287492855,0.17279678944458374,-0.016006353641628314,0.30367580195801996,0.30071156249224335,1.1552453009332422
265,0.7734393251564595,-0.05089872581203483,-0.11198681208428368,0.09770050819089073,0.3062678352497123,0.21753263878488568,0.1759947694505743,-0.03311585592780719,0.3034960966744958,0.2928452833399686,1.1552453009332422
266,0.7775479248614922,-0.04897469823869949,-0.1194583781223175,0.10881980422214886,0.3061568933484859,0.2179146872586947,0.17674494821583686,-0.026581482029457905,0.30746824194184896,0.2966679816230838,1.1552453009332422
267,0.76279615130161,-0.05507055509051118,-0.1045080757444464,0.08387514505420281,0.30606893421476955,0.2159133606961109,0.17420315657597957,-0.04089963696903368,0.2980593221489409,0.2853903099390053,1.1552453009332422
268,0.7751404201940996,-0.05709906461023549,-0.11650002156884844,0.09707829403344577,0.31118041869936414,0.22075163983029122,0.1784188245169252,-0.035025978036998744,0.30881545996580223,0.29112215512319445,1.1552453009332422
269,0.7754069405346316,-0.06058499355695956,-0.11557301713253088,0.09211655830433942,0.3138042590124572,0.22204664011358474,0.17925264105869215,-0.03870875923481596,0.3096473213054585,0.28923485282249944,1.1552453009332422
270,0.7758698645400468,-0.05976041427561978,-0.11991159066505513,0.0987482468545677,0.31325870268269934,0.22225214720373146,0.1796079131114005,-0.03471375665078873,0.3119059262724218,0.29065931614664303,1.1552453009332422
271,0.7719712841021698,-0.06327903683806098,-0.1127649441506173,0.08575065019801938,0.31470850618916574,0.22204628791909306,0.17900541482402837,-0.04263306760713872,0.3082188108670422,0.28606226039740446,1.1552453009332422
272,0.7764221306194161,-0.06328738158765808,-0.11774340305251706,0.09205618906829338,0.31603292638590946,0.22349873949594307,0.18036136578050035,-0.03944442764451375,0.3121131839866338,0.28861429739512173,1.1552453009332422
273,0.7397445423653465,-0.05614335823860998,-0.13134192928333438,0.16606355506645618,0.3181547163545881,0.22719043797661667,0.18126169914540766,0.013894677959470907,0.3334672228768125,0.29685446022096335,1.1552453009332422
274,0.7361572789216856,-0.054561520126661836,-0.13965032121730528,0.17865865840564438,0.3155138734230501,0.22645505661276638,0.18104257617203584,0.021939054612937405,0.3364485242217734,0.2978359483934436,1.1552453009332422
275,0.7215219038236745,0.05089080083067428,-0.12691846074014984,0.27726224790783405,0.2359324828491146,0.18266698684154148,0.15055675675984528,0.10427584329366874,0.2880259601005574,0.3455459157046692,1.1552453009332422
276,0.7072129948335257,0.05429432437007645,-0.1507306717198643,0.31182332057484463,0.22762861419382416,0.1799176036165033,0.14937527446080842,0.12656788062937405,0.2956555004158374,0.3461162596695475,1.1552453009332422
277,0.7176092202147816,0.04578033303378559,-0.15016845463624,0.30239400967378627,0.2375877506965794,0.1857203741425783,0.15356697371955014,0.11818406867073325,0.30165499711704136,0.3457124652068666,1.1552453009332422
278,0.7083529677596953,0.04655046047595609,-0.1632072804418811,0.3200076302041801,0.2332707618712318,0.18424371256913816,0.15289644333084193,0.12951838677441252,0.30575024358803554,0.34486365933620294,1.1552453009332422
279,0.7199076623923328,0.038982378960168027,-0.14544089385069917,0.28872105765497413,0.2433419724894522,0.18837309485542142,0.15520236476054533,0.10847661991700652,0.3020827171059085,0.3421196561324767,1.1552453009332422
280,0.7213515476306624,0.040579486067532505,-0.1557237603561925,0.30432945869065503,0.242564048911959,0.1891394183420319,0.15623677514368844,0.11780311598778455,0.3078051533504331,0.34553984851928454,1.1552453009332422
281,0.7073800743922668,0.03576578013856832,-0.13205029331417173,0.2663794611018572,0.24110834829417999,0.18499877587084101,0.1519348669776071,0.09591848938263754,0.29157163748658194,0.3327222643825205,1.1552453009332422
282,0.7235632276388032,0.0301670923525288,-0.15167770683602982,0.2875623966901209,0.2508174915188119,0.19316181668939778,0.15882238012665578,0.10549634883271156,0.3098402089598036,0.3401192383744676,1.1552453009332422
283,0.6784702180101811,0.06036199842773748,-0.1355428165320389,0.2961962535227851,0.21272778015055926,0.16870700243307427,0.14026319932890324,0.1215350743300326,0.2756591141142095,0.33470685876510187,1.1552453009332422
284,0.6951126446738146,0.0012445028314745194,-0.146019447779514,0.2459804267239689,0.2604835871068018,0.19578550596278566,0.1594654790995444,0.07752593890008802,0.3074268480360963,0.3120418691591369,1.1552453009332422
285,0.7063028886482179,0.05334449118625922,-0.15194124848135257,0.31232517360621453,0.2279278365905883,0.18014241539959525,0.149554932083034,0.12673695046315006,0.29637266048455096,0.34547317914538733,1.1552453009332422
286,0.6624201607811158,0.05552124977131945,-0.17431564471296093,0.3415016893200725,0.20927452122838516,0.16994684353730247,0.14240396909862799,0.1484357121899168,0.2940250495937481,0.3330630247644402,1.1552453009332422
287,0.7166197533004806,0.04456755228445041,-0.1515165944153773,0.30278311953012965,0.2380392938107725,0.1860339949986281,0.1538103288799132,0.11823658442682886,0.30251508805145927,0.34492360531525285,1.1552453009332422
288,0.7112092271735918,0.04764562457158195,-0.1620693017149257,0.3199021622475346,0.2336075363148533,0.18448308973985345,0.15309123133132074,0.1294272274394618,0.3056548589052328,0.34639108322321116,1.1552453009332422
289,0.7189526538700536,0.0377229096062151,-0.14660178364252405,0.288810791056594,0.2438431736954223,0.1886951711490446,0.15544379489264892,0.10834075814833118,0.3028643939894553,0.3412838987137581,1.1552453009332422
290,0.7203375067910168,0.03921328154897223,-0.15721320721563042,0.3047358908519,0.24311152922163226,0.1895163428430326,0.15652850077535704,0.1178340571610034,0.3087901589489971,0.34468654909384056,1.1552453009332422
291,0.705925843805853,0.03450838562725514,-0.1329265093931906,0.26605558496695586,0.24142391384613401,0.18516211640553717,0.15204126832352372,0.09558930981586708,0.29202995933468495,0.3316293288995706,1.1552453009332422
292,0.7226936350735078,0.02871698262219781,-0.1529243693562877,0.2875619170616243,0.2514837412891669,0.19358447135507345,0.15913801318853518,0.1052573997252696,0.31076398234472696,0.3392333473973235,1.1552453009332422
293,0.6781451576947639,0.060186791304189816,-0.13612541354632282,0.2967576754148692,0.21271617009564553,0.1687412629254456,0.14030334398830735,0.12185490668350235,0.2759433307969221,0.3345934344118642,1.1552453009332422
294,0.6917250621994858,-0.001332937802901204,-0.14762984624521008,0.24503947167299867,0.260979507468099,0.19599601875902736,0.1595790873464313,0.0767282645559605,0.308129600666547,0.30960005041724636,1.1552453009332422
295,0.7064082673574678,0.053244389100678566,-0.15199374743202315,0.31229208406440856,0.22803736243922068,0.180211817891795,0.14960722969951762,0.1266853807185919,0.2964711133710372,0.345472956241479,1.1552453009332422
296,0.6644388049983324,0.056161804047878336,-0.17387048997381324,0.3417593189295196,0.20959946542722657,0.1701990684476108,0.1426140948083456,0.14853556115978633,0.2942066006129074,0.33414070463036755,1.1552453009332422
297,0.7166375849624603,0.044485666321487885,-0.15152733168847704,0.3027081489891482,0.2381035319852267,0.18606977500226465,0.1538354323854183,0.11817296340799238,0.3025552666037384,0.34488935657134784,1.1552453009332422
298,0.7113727797986672,0.04759640500396921,-0.1620007746675326,0.31976780433208823,0.23370571674943325,0.1845375990082386,0.15312967595243362,0.12932228681417263,0.3056862250800114,0.3464183217615897,1.1552453009332422
299,0.7189180733160864,0.03764669104773358,-0.14657199186288247,0.2886842068557583,0.24388429336939477,0.18871127558529277,0.15545220526494344,0.10825326982528058,0.3028627290995299,0.3412234989983043,1.1552453009332422
300,0.7203512961521461,0.03912023984218524,-0.1572182542829382,0.30464068875132105,0.24318219938024077,0.18955462142654364,0.15655489977042994,0.11775653908689433,0.3088296733602631,0.34464361890755585,1.1552453009332422
301,0.729589549186167,0.04567179156146727,-0.14539490176854938,0.28789999130987537,0.23212578581381657,0.19151582940548817,0.15787611163254284,0.10527451530989274,0.3014596622272871,0.34476743659496245,1.1552453009332422
302,0.7056424820503423,0.03452876605405662,-0.1327951408924526,0.2658824291508781,0.24130442824335088,0.18506782460694915,0.1519632015337057,0.0955198008753899,0.29185683890628766,0.3314993967169452,1.1552453009332422
303,0.7258146359158772,0.04550264098706112,-0.14171520004541588,0.2829760166549306,0.24415707846888343,0.19960841364723736,0.16135433415433847,0.10225517991053133,0.3015860558178239,0.3438405522977572,1.1552453009332422
304,0.7226604426726045,0.028576618644744037,-0.152916430984781,0.28739366870484084,0.25157013590727606,0.19362657629509555,0.15916496529790763,0.1051312337260663,0.3107973030826902,0.3391435835257712,1.1552453009332422
305,0.7231775058863256,0.03630021924409752,-0.15647123623727663,0.30072425625724813,0.24625726832111383,0.1912615213058156,0.15775400478303703,0.11457554505081008,0.3102999985397868,0.34415028192214986,1.1552453009332422
306,0.721120800241371,0.03666539171285668,-0.16072870616873827,0.30667007000179386,0.245134663996201,0.19099099130107264,0.15770661899357152,0.11832310616452589,0.31191097475258556,0.3443271304669815,1.1552453009332422
307,0.7226691110030202,0.03525964814594514,-0.16056625863005683,0.3050081994676242,0.24671644290121264,0.1918983494406479,0.15835627718665143,0.11689362122659211,0.3128076918883843,0.3441785026020519,1.1552453009332422
308,0.7212525015770779,0.035373144393141154,-0.16270658094377938,0.307892503340805,0.2460559869304029,0.19168767959742927,0.15827065786161854,0.11873740623509148,0.31351773208615535,0.3440741838625828,1.1552453009332422
309,0.7229823765549874,0.034151163972361294,-0.1597009865027663,0.30264817449095455,0.24763320265659883,0.19230581936343208,0.15859984864264334,0.11524041621749512,0.3128041847169535,0.3435493943367296,1.1552453009332422
310,0.7232627573925139,0.03436854159180125,-0.16147984788751413,0.30528532452969437,0.24755174845862488,0.19246806011955087,0.15879967899521585,0.11680108175971252,0.3138244301426766,0.34412217592051036,1.1552453009332422
311,0.7221395248542113,0.03580382617716915,-0.16244425426343403,0.30833215746877246,0.24643245885090703,0.19306913332646986,0.15770120833611026,0.11900920479595134,0.31317167706333426,0.3435006414097499,1.1552453009332422
312,0.722264849025618,0.035788024474881164,-0.16250122627795557,0.3083847926457682,0.24646999639576417,0.19093244027539485,0.15817139648283848,0.11858290886719347,0.314509986641209,0.3432719219608598,1.1552453009332422
313,0.722431129085866,0.035762294732670785,-0.16257807818807996,0.3074319972451809,0.24622497661448156,0.19276569304789137,0.158840903762657,0.11912761114042804,0.3132738718416096,0.34384041019850703,1.1552453009332422
314,0.7197539528482896,0.0361164998871563,-0.1639154659751068,0.30676292838102964,0.24753203897551102,0.19204056396163222,0.15838336491296065,0.11880419088058183,0.3127872309459919,0.344699797979852,1.1552453009332422
315,0.7223451430194431,0.035777585586597306,-0.16361316644197277,0.3081594588630681,0.24627081750552754,0.19085418428583825,0.15886006122144608,0.1181339435460322,0.31341107772952775,0.34395273046564506,1.1552453009332422
316,0.7219450242687425,0.03451941010489672,-0.16258016797948405,0.30808224255296635,0.24741207580181646,0.19100324761216825,0.1585038430383049,0.1189268136354086,0.3126681798245598,0.3444212819065018,1.1552453009332422
317,0.7225414253710483,0.034779022445382175,-0.1627859416683095,0.3083664629907325,0.2464487348113195,0.19108005959309224,0.1580972286848368,0.11937956314441937,0.31314689373397636,0.34411479227105807,1.1552453009332422
318,0.7213391578276979,0.0342575892165718,-0.1639545345195461,0.3086809955025141,0.24641483540329037,0.1919170232183866,0.15843661353453103,0.11887801463403277,0.3120938215927724,0.3441809450196829,1.1552453009332422
319,0.7215385172600918,0.03569500182470244,-0.1626569659615929,0.30932292504803305,0.2467695843311433,0.19127344889794798,0.15826364572688828,0.11863504689723918,0.31356789042957,0.3447523882601647,1.1552453009332422
320,0.7216321514414114,0.03568918503471224,-0.1626845177226682,0.3084849871324092,0.2465420444610999,0.192087828828812,0.15769413715262157,0.11956137569588525,0.31464179454260854,0.3440800722576597,1.1552453009332422
321,0.7220358782212146,0.03566196937479834,-0.1627942877532599,0.3085922660286312,0.24584169364126296,0.19186280081668192,0.15836957395001544,0.1181199503476258,0.31445021913323823,0.344552380740909,1.1552453009332422
322,0.7211853312881902,0.03571863457655007,-0.16365992061231388,0.3090848120059397,0.24668691653460093,0.19212834645100293,0.15861280012249113,0.11900750194493945,0.31299092434151043,0.344634517500004,1.1552453009332422
323,0.7219461278489019,0.03566853428464386,-0.1635942096591561,0.3083275745431008,0.24637957106308941,0.19192080384746377,0.15771212344512822,0.1183639809648413,0.3142709723051756,0.34445869443376054,1.1552453009332422
324,0.7216473602092879,0.034750562031507025,-0.16291786754221305,0.3082906248322625,0.24636990310275939,0.19193241846328724,0.1593424084525535,0.11927839013303419,0.313306391965682,0.34499695500116895,1.1552453009332422
325,0.7212460967937024,0.03463533074092386,-0.1638497305814654,0.3086031816489978,0.2465507292892862,0.19206535766459004,0.1585773521642518,0.11898916499841607,0.31441649158962287,0.3438991873464225,1.1552453009332422
326,0.7140912868156782,0.04183884158363714,-0.16291420308939922,0.3148125321114211,0.2387760929667588,0.18745274366994208,0.1552150172901914,0.12489368947670323,0.3090757034521767,0.3446375991060094,1.1552453009332422
327,0.7083606524624171,0.04197520311416015,-0.17037246593553995,0.3245200694678288,0.23635522729364083,0.18660540933520112,0.15481648611882073,0.13113659354484963,0.3113820560771043,0.3438125269094653,1.1552453009332422
328,0.7116789410571043,0.039245501368599035,-0.17020642521765367,0.3215148344718201,0.23954232573666764,0.18846329772117798,0.15615888766348332,0.12846051448745577,0.3133087771929778,0.3436797398746008,1.1552453009332422
329,0.7081513371761601,0.03922856262761321,-0.17460549288753907,0.3271223579558875,0.23812693296377793,0.18796057489296103,0.15591738279141734,0.1320662116615501,0.3146549710830628,0.34308115176296006,1.1552453009332422
330,-0.16506181360217864,-0.4097800082187651,-0.2922252612811141,-0.07463941094782797,0.22011764154479493,0.13491562491456968,0.09926906773436667,-0.11870535618643137,0.2532854814699173,-0.22904423321023487,1.1552453009332422
331,-0.43396965292428175,-0.34644452229120765,-0.39667072578171014,0.11582026243249174,0.07124225936134465,0.05097626458598943,0.03950231737841999,0.03216232130645583,0.2031559429589893,-0.28477617482591827,1.1552453009332422
332,-0.058515839220606006,-0.4005447068350966,-0.13218307622626713,-0.2706636134104168,0.2572572447424962,0.14432019574156338,0.10141971288034683,-0.241233975019682,0.19426128268329468,-0.2115589305178633,1.1552453009332422
333,-0.2925398454322995,-0.5005830473109714,-0.300342882191855,-0.17332429524328435,0.23545191683672587,0.13559172770197475,0.09624454797412618,-0.18428162492985195,0.24795161557489265,-0.3277533291367847,1.1552453009332422
334,-0.33270939709072767,-0.500526229215995,-0.23318234972661686,-0.26585453942655646,0.22146162673654332,0.11866707180059391,0.0805411430712923,-0.23444282243802256,0.196980211688437,-0.3570346412202504,1.1552453009332422
335,-0.37946675016690873,-0.5323748287633379,-0.3290043960478198,-0.1763912678352438,0.22423650200689177,0.12717570933342684,0.08927971131209081,-0.1848296156052397,0.24695010306936113,-0.3745708223639193,1.1552453009332422
336,-0.26142966425246,-0.4701628961381474,-0.14624713993962393,-0.34334072727353715,0.22887976453597292,0.11798109450598936,0.07821684886587794,-0.2797345356606167,0.16049440153851438,-0.3285841264089081,1.1552453009332422
337,-0.41080609437421545,-0.5068627383625193,-0.21686625284162947,-0.3002264324884808,0.19655846245031908,0.09895536596861926,0.06416620374738884,-0.248458751418976,0.16463500052087193,-0.3953738797544559,1.1552453009332422
338,-0.4384149262352206,-0.4810548501338671,-0.17204942276952664,-0.33352183987636214,0.16876791351336376,0.07798315130143386,0.04715264850414784,-0.2595336747919418,0.12144429010344145,-0.40152477303785256,1.1552453009332422
339,-0.45992993444063257,-0.5190852955275829,-0.23434119775859072,-0.2938985561602975,0.18615029578474257,0.09221033084637006,0.058951381637952466,-0.24278958243192011,0.16280335977870206,-0.4185279542232603,1.1552453009332422
340,-0.3781839673178103,-0.4493753642093476,-0.10708427675102433,-0.38098516863184784,0.1706277130223043,0.07599564755519612,0.04463423092209883,-0.28595615181648953,0.0933271190214848,-0.3726415464918946,1.1552453009332422
341,-0.4985840133784597,-0.47038322604748517,-0.16350489744098423,-0.3374180943849986,0.13854826974700507,0.05746372228428029,0.031135649829402614,-0.25370018459408095,0.09341611241166257,-0.42200863964390867,1.1552453009332422
342,-0.43668489433085816,-0.4414045658535668,-0.3949457934606196,0.008272501853907415,0.13712270394193177,0.08498696484433833,0.06221840074549865,-0.05141225094582853,0.23415806989815446,-0.33675767934479434,1.1552453009332422
343,-0.5707468045553286,-0.3784311304333089,-0.40077372131541966,0.07617495406742722,0.04169720059081443,0.027223670464517707,0.019578666675063514,0.014977880011141914,0.17218883399315862,-0.35674294140736623,1.1552453009332422
